--------------------------------------------------
迭代0的最优解长度为：44528.2731073813
1 2 6 7 10 11 15 21 22 29
103 20 23 28 30 31 32 33 36 37
42 41 43 46 52 53 44 47 51 54
57 58 63 62 105 56 55 50 48 45
104 40 49 316 317 59 64 67 68 71
78 82 83 84 79 77 72 80 76 73
69 70 74 75 81 90 89 86 85 91
92 96 97 101 102 93 98 99 100 207
206 202 201 197 196 94 95 88 87 190
191 198 194 195 203 204 200 199 205 312
311 307 306 302 301 193 192 295 293 292
288 294 282 287 289 296 303 299 300 308
309 310 305 304 298 297 276 275 271 270
318 249 248 245 244 224 223 214 215 219
218 213 211 212 216 217 222 230 233 238
243 237 234 229 226 227 228 235 236 246
247 252 251 253 256 262 263 268 267 264
261 257 254 266 265 260 258 259 255 314
250 143 144 140 139 242 241 240 239 232
231 313 225 221 220 118 119 109 110 114
113 122 121 123 130 131 124 129 132 142
141 209 149 152 156 159 162 146 147 148
151 157 158 163 167 168 166 165 269 315
272 273 280 279 284 285 291 290 286 283
274 277 278 281 170 171 175 174 179 180
186 185 181 178 169 177 182 184 189 188
187 183 176 173 172 65 66 61 60 164
210 161 160 155 153 150 154 145 38 39
35 34 137 136 134 127 135 138 133 128
125 208 126 120 117 108 106 107 111 112
115 116 13 14 4 5 9 8 17 16
18 25 26 27 24 19 12 3 --------------------------------------------------
迭代1的最优解长度为：43800.1490702134
1 2 6 7 10 11 15 103 21 22
29 32 31 30 20 23 28 33 27 24
19 16 17 18 25 26 37 36 104 41
42 43 46 52 53 58 57 54 51 47
44 55 50 48 45 40 49 316 317 59
56 105 64 62 63 70 69 74 75 81
73 76 80 90 89 93 86 79 77 72
67 68 71 78 82 83 84 85 91 92
96 97 101 102 98 99 95 94 100 207
206 202 201 197 196 198 203 204 195 194
191 185 181 178 186 180 179 174 175 168
167 210 169 177 182 184 189 190 88 87
188 187 183 176 173 172 65 66 61 60
164 161 160 155 153 150 154 145 38 39
35 34 134 127 126 208 125 128 133 135
136 137 138 132 129 124 121 122 123 130
131 142 141 209 149 152 156 159 162 163
158 157 151 148 146 147 144 143 140 139
242 241 243 237 234 229 226 227 228 235
236 247 246 314 250 259 266 265 260 258
255 254 251 252 253 256 262 263 268 257
261 264 267 315 269 165 166 171 170 281
278 277 274 272 273 280 279 284 285 291
300 299 290 286 283 282 287 289 296 294
288 292 293 295 192 193 301 302 199 200
205 312 311 307 306 303 308 309 310 305
304 298 297 276 275 271 270 318 249 248
245 244 224 223 214 215 219 218 213 222
230 233 238 240 239 232 231 313 225 119
118 221 220 217 216 212 211 109 110 114
113 117 108 106 107 4 5 111 112 115
116 120 13 14 9 8 12 3 --------------------------------------------------
迭代2的最优解长度为：43664.7968151398
1 2 6 7 10 11 15 21 22 29
103 20 23 28 30 31 32 33 104 40
316 317 49 45 48 50 55 56 59 105
57 54 51 47 44 41 42 43 46 52
53 58 63 62 64 73 76 80 86 84
79 77 72 67 68 71 78 82 83 85
91 92 96 97 101 102 93 98 99 90
89 81 75 74 69 70 66 65 61 60
164 161 160 155 153 150 154 145 149 152
156 159 162 210 169 172 173 176 183 187
188 189 190 87 88 196 197 94 95 100
207 206 202 201 198 203 204 195 194 191
184 182 177 178 181 185 186 180 179 174
175 168 167 163 158 157 151 148 146 147
142 141 209 138 137 136 135 134 127 126
208 133 128 125 117 124 129 132 131 130
123 121 122 119 118 225 231 232 239 313
230 233 238 240 241 242 139 140 144 143
250 259 255 258 260 265 266 315 269 165
166 171 170 281 278 277 274 282 287 289
294 288 292 293 295 192 193 200 199 301
302 306 307 205 312 311 303 308 309 310
305 304 297 298 300 299 296 290 286 283
291 285 284 279 280 272 273 276 275 271
270 318 249 248 245 244 224 223 214 215
219 218 227 226 228 235 236 246 247 252
251 253 256 262 263 268 267 264 261 257
254 314 243 237 234 229 222 213 221 220
217 216 212 211 109 110 114 113 108 106
107 4 5 111 112 115 116 120 13 14
34 35 38 39 37 36 27 24 19 26
25 18 16 17 9 8 12 3 --------------------------------------------------
迭代3的最优解长度为：43659.3721814685
1 2 6 7 10 11 15 21 22 29
32 31 30 103 20 23 28 33 104 40
49 316 317 59 56 55 50 48 45 44
47 51 54 57 105 62 63 64 67 68
71 78 82 83 85 91 92 96 97 101
102 93 98 99 90 89 86 84 79 77
72 73 76 80 81 75 74 69 70 66
65 172 173 176 183 187 188 189 190 87
88 94 95 100 207 206 202 201 197 196
198 203 204 195 194 186 180 179 175 174
178 181 185 191 184 182 177 169 167 168
166 165 171 170 277 278 281 288 292 293
295 192 193 200 205 312 311 307 306 199
302 301 303 296 294 289 287 282 274 272
273 280 279 283 286 290 284 285 291 299
300 308 309 310 305 304 298 297 276 275
271 270 318 249 248 245 244 224 223 214
215 219 218 213 211 212 109 110 216 217
220 221 118 119 140 139 239 232 231 225
313 240 241 242 243 238 233 230 222 229
234 237 226 227 228 235 236 246 247 252
251 253 256 262 263 268 254 257 261 264
267 315 269 266 265 260 258 259 255 314
250 143 144 147 146 148 151 157 158 163
162 159 156 152 149 209 141 142 131 130
123 121 122 114 113 108 106 107 4 5
111 112 115 116 13 14 120 117 124 129
132 138 137 136 135 133 128 125 208 126
127 134 34 35 39 38 145 154 150 153
155 160 161 210 164 60 61 58 53 52
46 43 41 42 37 36 27 24 19 26
25 18 16 17 9 8 12 3 --------------------------------------------------
迭代4的最优解长度为：43626.5730942776
1 2 6 7 10 11 15 103 21 22
29 32 31 30 28 23 20 12 16 17
18 25 26 19 24 27 33 36 37 42
43 41 44 104 45 40 316 317 49 48
50 55 56 59 105 57 54 51 47 46
52 53 58 63 62 64 67 68 71 78
82 83 84 85 91 92 96 97 101 102
93 86 79 77 72 80 76 73 69 70
74 75 81 89 90 98 99 88 87 196
197 94 95 100 207 206 202 201 198 203
204 195 194 191 185 181 178 186 180 179
174 175 193 192 199 200 205 312 311 307
306 302 301 303 299 300 308 309 310 305
304 298 297 276 275 271 270 318 249 248
245 244 224 223 214 215 219 218 213 222
229 234 237 226 227 228 235 236 246 247
252 251 253 256 262 263 268 267 264 261
257 254 314 243 242 241 240 239 232 231
238 233 230 313 225 221 220 217 216 212
211 109 110 118 119 139 140 144 143 250
259 255 258 260 265 266 269 315 274 272
273 280 279 284 285 291 290 286 283 282
287 289 296 294 295 293 292 288 281 278
277 170 171 165 166 168 167 169 172 173
176 177 182 184 189 190 188 187 183 65
66 61 60 164 210 161 160 155 153 150
149 152 156 159 162 163 158 157 151 148
146 147 142 141 209 145 154 38 39 35
34 137 136 134 127 126 208 135 138 133
128 125 124 129 132 131 130 123 121 122
114 113 108 117 120 116 115 112 111 107
106 4 5 13 14 9 8 3 --------------------------------------------------
迭代5的最优解长度为：43626.5730942776
1 2 6 7 10 11 15 103 21 22
29 32 31 30 28 23 20 12 16 17
18 25 26 19 24 27 33 36 37 42
43 41 44 104 45 40 316 317 49 48
50 55 56 59 105 57 54 51 47 46
52 53 58 63 62 64 67 68 71 78
82 83 84 85 91 92 96 97 101 102
93 86 79 77 72 80 76 73 69 70
74 75 81 89 90 98 99 88 87 196
197 94 95 100 207 206 202 201 198 203
204 195 194 191 185 181 178 186 180 179
174 175 193 192 199 200 205 312 311 307
306 302 301 303 299 300 308 309 310 305
304 298 297 276 275 271 270 318 249 248
245 244 224 223 214 215 219 218 213 222
229 234 237 226 227 228 235 236 246 247
252 251 253 256 262 263 268 267 264 261
257 254 314 243 242 241 240 239 232 231
238 233 230 313 225 221 220 217 216 212
211 109 110 118 119 139 140 144 143 250
259 255 258 260 265 266 269 315 274 272
273 280 279 284 285 291 290 286 283 282
287 289 296 294 295 293 292 288 281 278
277 170 171 165 166 168 167 169 172 173
176 177 182 184 189 190 188 187 183 65
66 61 60 164 210 161 160 155 153 150
149 152 156 159 162 163 158 157 151 148
146 147 142 141 209 145 154 38 39 35
34 137 136 134 127 126 208 135 138 133
128 125 124 129 132 131 130 123 121 122
114 113 108 117 120 116 115 112 111 107
106 4 5 13 14 9 8 3 --------------------------------------------------
迭代6的最优解长度为：43584.8409198297
1 2 6 7 10 11 15 103 21 22
29 32 31 30 20 23 28 33 27 24
19 16 17 18 25 26 37 36 104 40
316 317 49 45 48 50 55 56 59 105
57 54 51 47 44 41 42 43 46 52
53 58 63 62 64 67 68 71 78 82
83 84 85 91 92 96 97 101 102 93
86 79 77 72 80 76 73 69 70 74
75 81 89 90 98 99 95 94 100 207
206 202 201 197 196 198 203 204 195 194
186 180 179 175 174 178 181 185 191 184
182 177 172 173 176 183 187 188 189 190
87 88 66 65 61 60 164 210 169 167
168 166 165 269 315 272 273 280 279 284
285 291 290 286 283 274 170 171 192 193
200 205 312 311 307 306 199 302 301 295
294 293 292 288 281 278 277 282 287 289
296 299 300 303 308 309 310 305 304 298
297 276 275 271 270 318 249 248 245 244
224 223 214 215 219 218 227 226 228 235
236 229 234 237 243 246 247 252 251 253
256 262 263 268 267 264 261 257 254 314
255 258 260 265 266 259 250 143 144 140
139 242 241 240 238 233 230 313 239 232
231 225 222 213 211 212 216 217 220 221
118 119 109 110 114 113 122 121 123 130
131 124 129 132 138 141 142 147 146 148
151 157 158 163 162 159 156 152 149 209
150 153 155 160 161 154 145 38 39 35
34 137 136 135 134 127 126 208 133 128
125 117 120 14 13 116 115 108 106 107
111 112 4 5 9 8 12 3 --------------------------------------------------
迭代7的最优解长度为：43411.7158632433
1 2 6 7 10 11 15 103 21 22
29 32 31 30 20 23 28 33 27 24
19 16 17 18 25 26 37 36 104 41
42 43 44 47 48 45 40 49 316 317
59 56 55 50 54 51 46 52 53 58
57 105 62 63 70 69 74 75 81 73
76 80 86 79 77 72 64 67 68 71
78 82 83 84 85 91 92 96 97 101
102 93 98 99 89 90 88 87 196 197
94 95 100 207 206 202 201 198 203 204
195 194 191 185 181 178 186 180 179 174
175 168 167 210 169 177 182 184 189 190
188 187 183 176 173 172 65 66 61 60
164 161 160 155 153 150 154 145 38 39
35 34 134 127 126 208 125 128 133 135
136 137 138 132 129 124 121 122 123 130
131 142 141 209 149 152 156 159 162 163
158 157 151 148 146 147 144 143 140 139
242 241 243 237 234 229 226 227 228 235
236 247 246 314 250 259 266 265 260 258
255 254 251 252 253 256 262 263 268 257
261 264 267 315 269 165 166 171 170 277
278 281 288 292 293 294 289 287 282 274
272 273 280 279 284 285 291 283 286 290
296 295 192 193 199 200 205 312 311 307
306 302 301 303 299 300 308 309 310 305
304 298 297 276 275 271 270 318 249 248
245 244 224 223 214 215 219 218 213 222
230 233 238 240 239 232 231 313 225 119
118 221 220 217 216 212 211 109 110 114
113 117 108 106 107 4 5 111 112 115
116 120 13 14 9 8 12 3 --------------------------------------------------
迭代8的最优解长度为：43411.7158632433
1 2 6 7 10 11 15 103 21 22
29 32 31 30 20 23 28 33 27 24
19 16 17 18 25 26 37 36 104 41
42 43 44 47 48 45 40 49 316 317
59 56 55 50 54 51 46 52 53 58
57 105 62 63 70 69 74 75 81 73
76 80 86 79 77 72 64 67 68 71
78 82 83 84 85 91 92 96 97 101
102 93 98 99 89 90 88 87 196 197
94 95 100 207 206 202 201 198 203 204
195 194 191 185 181 178 186 180 179 174
175 168 167 210 169 177 182 184 189 190
188 187 183 176 173 172 65 66 61 60
164 161 160 155 153 150 154 145 38 39
35 34 134 127 126 208 125 128 133 135
136 137 138 132 129 124 121 122 123 130
131 142 141 209 149 152 156 159 162 163
158 157 151 148 146 147 144 143 140 139
242 241 243 237 234 229 226 227 228 235
236 247 246 314 250 259 266 265 260 258
255 254 251 252 253 256 262 263 268 257
261 264 267 315 269 165 166 171 170 277
278 281 288 292 293 294 289 287 282 274
272 273 280 279 284 285 291 283 286 290
296 295 192 193 199 200 205 312 311 307
306 302 301 303 299 300 308 309 310 305
304 298 297 276 275 271 270 318 249 248
245 244 224 223 214 215 219 218 213 222
230 233 238 240 239 232 231 313 225 119
118 221 220 217 216 212 211 109 110 114
113 117 108 106 107 4 5 111 112 115
116 120 13 14 9 8 12 3 --------------------------------------------------
迭代9的最优解长度为：43411.7158632433
1 2 6 7 10 11 15 103 21 22
29 32 31 30 20 23 28 33 27 24
19 16 17 18 25 26 37 36 104 41
42 43 44 47 48 45 40 49 316 317
59 56 55 50 54 51 46 52 53 58
57 105 62 63 70 69 74 75 81 73
76 80 86 79 77 72 64 67 68 71
78 82 83 84 85 91 92 96 97 101
102 93 98 99 89 90 88 87 196 197
94 95 100 207 206 202 201 198 203 204
195 194 191 185 181 178 186 180 179 174
175 168 167 210 169 177 182 184 189 190
188 187 183 176 173 172 65 66 61 60
164 161 160 155 153 150 154 145 38 39
35 34 134 127 126 208 125 128 133 135
136 137 138 132 129 124 121 122 123 130
131 142 141 209 149 152 156 159 162 163
158 157 151 148 146 147 144 143 140 139
242 241 243 237 234 229 226 227 228 235
236 247 246 314 250 259 266 265 260 258
255 254 251 252 253 256 262 263 268 257
261 264 267 315 269 165 166 171 170 277
278 281 288 292 293 294 289 287 282 274
272 273 280 279 284 285 291 283 286 290
296 295 192 193 199 200 205 312 311 307
306 302 301 303 299 300 308 309 310 305
304 298 297 276 275 271 270 318 249 248
245 244 224 223 214 215 219 218 213 222
230 233 238 240 239 232 231 313 225 119
118 221 220 217 216 212 211 109 110 114
113 117 108 106 107 4 5 111 112 115
116 120 13 14 9 8 12 3 --------------------------------------------------
迭代10的最优解长度为：43156.5435365764
1 2 6 7 10 11 15 103 21 22
29 32 31 30 20 23 28 33 27 24
19 16 17 18 25 26 37 36 104 40
49 316 317 59 56 55 50 48 45 44
41 42 43 46 52 53 58 47 51 54
57 105 64 62 63 70 69 74 75 81
73 76 80 86 79 77 72 67 68 71
78 82 83 84 85 91 92 96 97 101
102 93 98 99 89 90 88 87 196 197
94 95 100 207 206 202 201 198 203 204
195 194 191 185 181 178 186 180 179 174
175 168 167 210 169 177 182 184 189 190
188 187 183 176 173 172 65 66 61 60
164 161 160 155 153 150 154 145 38 39
35 34 134 127 126 208 125 128 133 135
136 137 138 132 129 124 121 122 123 130
131 142 141 209 149 152 156 159 162 163
158 157 151 148 146 147 144 143 140 139
242 241 243 237 234 229 226 227 228 235
236 247 246 314 250 259 266 265 260 258
255 254 251 252 253 256 262 263 268 257
261 264 267 315 269 165 166 171 170 277
278 281 288 292 293 294 289 287 282 274
272 273 280 279 284 285 291 283 286 290
296 295 192 193 199 200 205 312 311 307
306 302 301 303 299 300 308 309 310 305
304 298 297 276 275 271 270 318 249 248
245 244 224 223 214 215 219 218 213 222
230 233 238 240 239 232 231 313 225 119
118 221 220 217 216 212 211 109 110 114
113 117 108 106 107 4 5 111 112 115
116 120 13 14 9 8 12 3 --------------------------------------------------
迭代11的最优解长度为：43156.5435365764
1 2 6 7 10 11 15 103 21 22
29 32 31 30 20 23 28 33 27 24
19 16 17 18 25 26 37 36 104 40
49 316 317 59 56 55 50 48 45 44
41 42 43 46 52 53 58 47 51 54
57 105 64 62 63 70 69 74 75 81
73 76 80 86 79 77 72 67 68 71
78 82 83 84 85 91 92 96 97 101
102 93 98 99 89 90 88 87 196 197
94 95 100 207 206 202 201 198 203 204
195 194 191 185 181 178 186 180 179 174
175 168 167 210 169 177 182 184 189 190
188 187 183 176 173 172 65 66 61 60
164 161 160 155 153 150 154 145 38 39
35 34 134 127 126 208 125 128 133 135
136 137 138 132 129 124 121 122 123 130
131 142 141 209 149 152 156 159 162 163
158 157 151 148 146 147 144 143 140 139
242 241 243 237 234 229 226 227 228 235
236 247 246 314 250 259 266 265 260 258
255 254 251 252 253 256 262 263 268 257
261 264 267 315 269 165 166 171 170 277
278 281 288 292 293 294 289 287 282 274
272 273 280 279 284 285 291 283 286 290
296 295 192 193 199 200 205 312 311 307
306 302 301 303 299 300 308 309 310 305
304 298 297 276 275 271 270 318 249 248
245 244 224 223 214 215 219 218 213 222
230 233 238 240 239 232 231 313 225 119
118 221 220 217 216 212 211 109 110 114
113 117 108 106 107 4 5 111 112 115
116 120 13 14 9 8 12 3 --------------------------------------------------
迭代12的最优解长度为：43156.5435365764
1 2 6 7 10 11 15 103 21 22
29 32 31 30 20 23 28 33 27 24
19 16 17 18 25 26 37 36 104 40
49 316 317 59 56 55 50 48 45 44
41 42 43 46 52 53 58 47 51 54
57 105 64 62 63 70 69 74 75 81
73 76 80 86 79 77 72 67 68 71
78 82 83 84 85 91 92 96 97 101
102 93 98 99 89 90 88 87 196 197
94 95 100 207 206 202 201 198 203 204
195 194 191 185 181 178 186 180 179 174
175 168 167 210 169 177 182 184 189 190
188 187 183 176 173 172 65 66 61 60
164 161 160 155 153 150 154 145 38 39
35 34 134 127 126 208 125 128 133 135
136 137 138 132 129 124 121 122 123 130
131 142 141 209 149 152 156 159 162 163
158 157 151 148 146 147 144 143 140 139
242 241 243 237 234 229 226 227 228 235
236 247 246 314 250 259 266 265 260 258
255 254 251 252 253 256 262 263 268 257
261 264 267 315 269 165 166 171 170 277
278 281 288 292 293 294 289 287 282 274
272 273 280 279 284 285 291 283 286 290
296 295 192 193 199 200 205 312 311 307
306 302 301 303 299 300 308 309 310 305
304 298 297 276 275 271 270 318 249 248
245 244 224 223 214 215 219 218 213 222
230 233 238 240 239 232 231 313 225 119
118 221 220 217 216 212 211 109 110 114
113 117 108 106 107 4 5 111 112 115
116 120 13 14 9 8 12 3 --------------------------------------------------
迭代13的最优解长度为：43156.5435365764
1 2 6 7 10 11 15 103 21 22
29 32 31 30 20 23 28 33 27 24
19 16 17 18 25 26 37 36 104 40
49 316 317 59 56 55 50 48 45 44
41 42 43 46 52 53 58 47 51 54
57 105 64 62 63 70 69 74 75 81
73 76 80 86 79 77 72 67 68 71
78 82 83 84 85 91 92 96 97 101
102 93 98 99 89 90 88 87 196 197
94 95 100 207 206 202 201 198 203 204
195 194 191 185 181 178 186 180 179 174
175 168 167 210 169 177 182 184 189 190
188 187 183 176 173 172 65 66 61 60
164 161 160 155 153 150 154 145 38 39
35 34 134 127 126 208 125 128 133 135
136 137 138 132 129 124 121 122 123 130
131 142 141 209 149 152 156 159 162 163
158 157 151 148 146 147 144 143 140 139
242 241 243 237 234 229 226 227 228 235
236 247 246 314 250 259 266 265 260 258
255 254 251 252 253 256 262 263 268 257
261 264 267 315 269 165 166 171 170 277
278 281 288 292 293 294 289 287 282 274
272 273 280 279 284 285 291 283 286 290
296 295 192 193 199 200 205 312 311 307
306 302 301 303 299 300 308 309 310 305
304 298 297 276 275 271 270 318 249 248
245 244 224 223 214 215 219 218 213 222
230 233 238 240 239 232 231 313 225 119
118 221 220 217 216 212 211 109 110 114
113 117 108 106 107 4 5 111 112 115
116 120 13 14 9 8 12 3 --------------------------------------------------
迭代14的最优解长度为：43156.5435365764
1 2 6 7 10 11 15 103 21 22
29 32 31 30 20 23 28 33 27 24
19 16 17 18 25 26 37 36 104 40
49 316 317 59 56 55 50 48 45 44
41 42 43 46 52 53 58 47 51 54
57 105 64 62 63 70 69 74 75 81
73 76 80 86 79 77 72 67 68 71
78 82 83 84 85 91 92 96 97 101
102 93 98 99 89 90 88 87 196 197
94 95 100 207 206 202 201 198 203 204
195 194 191 185 181 178 186 180 179 174
175 168 167 210 169 177 182 184 189 190
188 187 183 176 173 172 65 66 61 60
164 161 160 155 153 150 154 145 38 39
35 34 134 127 126 208 125 128 133 135
136 137 138 132 129 124 121 122 123 130
131 142 141 209 149 152 156 159 162 163
158 157 151 148 146 147 144 143 140 139
242 241 243 237 234 229 226 227 228 235
236 247 246 314 250 259 266 265 260 258
255 254 251 252 253 256 262 263 268 257
261 264 267 315 269 165 166 171 170 277
278 281 288 292 293 294 289 287 282 274
272 273 280 279 284 285 291 283 286 290
296 295 192 193 199 200 205 312 311 307
306 302 301 303 299 300 308 309 310 305
304 298 297 276 275 271 270 318 249 248
245 244 224 223 214 215 219 218 213 222
230 233 238 240 239 232 231 313 225 119
118 221 220 217 216 212 211 109 110 114
113 117 108 106 107 4 5 111 112 115
116 120 13 14 9 8 12 3 --------------------------------------------------
迭代15的最优解长度为：43156.5435365764
1 2 6 7 10 11 15 103 21 22
29 32 31 30 20 23 28 33 27 24
19 16 17 18 25 26 37 36 104 40
49 316 317 59 56 55 50 48 45 44
41 42 43 46 52 53 58 47 51 54
57 105 64 62 63 70 69 74 75 81
73 76 80 86 79 77 72 67 68 71
78 82 83 84 85 91 92 96 97 101
102 93 98 99 89 90 88 87 196 197
94 95 100 207 206 202 201 198 203 204
195 194 191 185 181 178 186 180 179 174
175 168 167 210 169 177 182 184 189 190
188 187 183 176 173 172 65 66 61 60
164 161 160 155 153 150 154 145 38 39
35 34 134 127 126 208 125 128 133 135
136 137 138 132 129 124 121 122 123 130
131 142 141 209 149 152 156 159 162 163
158 157 151 148 146 147 144 143 140 139
242 241 243 237 234 229 226 227 228 235
236 247 246 314 250 259 266 265 260 258
255 254 251 252 253 256 262 263 268 257
261 264 267 315 269 165 166 171 170 277
278 281 288 292 293 294 289 287 282 274
272 273 280 279 284 285 291 283 286 290
296 295 192 193 199 200 205 312 311 307
306 302 301 303 299 300 308 309 310 305
304 298 297 276 275 271 270 318 249 248
245 244 224 223 214 215 219 218 213 222
230 233 238 240 239 232 231 313 225 119
118 221 220 217 216 212 211 109 110 114
113 117 108 106 107 4 5 111 112 115
116 120 13 14 9 8 12 3 --------------------------------------------------
迭代16的最优解长度为：43095.6387272996
1 2 6 7 10 11 15 103 21 22
29 32 31 30 20 23 28 33 27 24
19 16 17 18 25 26 37 36 104 44
41 42 43 46 52 53 58 57 54 51
47 55 50 48 45 40 49 316 317 59
56 105 62 63 70 69 74 75 81 73
76 80 86 79 77 72 64 67 68 71
78 82 83 84 85 91 92 96 97 101
102 93 98 99 89 90 88 87 196 197
94 95 100 207 206 202 201 198 203 204
195 194 191 185 181 178 186 180 179 174
175 168 167 210 169 177 182 184 189 190
188 187 183 176 173 172 65 66 61 60
164 161 160 155 153 150 154 145 38 39
35 34 134 127 126 208 125 128 133 135
136 137 138 132 129 124 121 122 123 130
131 142 141 209 149 152 156 159 162 163
158 157 151 148 146 147 144 143 140 139
242 241 243 237 234 229 226 227 228 235
236 247 246 314 250 259 266 265 260 258
255 254 251 252 253 256 262 263 268 257
261 264 267 315 269 165 166 171 170 277
278 281 288 292 293 294 289 287 282 274
272 273 280 279 284 285 291 283 286 290
296 295 192 193 199 200 205 312 311 307
306 302 301 303 299 300 308 309 310 305
304 298 297 276 275 271 270 318 249 248
245 244 224 223 214 215 219 218 213 222
230 233 238 240 239 232 231 313 225 119
118 221 220 217 216 212 211 109 110 114
113 117 108 106 107 4 5 111 112 115
116 120 13 14 9 8 12 3 --------------------------------------------------
迭代17的最优解长度为：43095.6387272996
1 2 6 7 10 11 15 103 21 22
29 32 31 30 20 23 28 33 27 24
19 16 17 18 25 26 37 36 104 44
41 42 43 46 52 53 58 57 54 51
47 55 50 48 45 40 49 316 317 59
56 105 62 63 70 69 74 75 81 73
76 80 86 79 77 72 64 67 68 71
78 82 83 84 85 91 92 96 97 101
102 93 98 99 89 90 88 87 196 197
94 95 100 207 206 202 201 198 203 204
195 194 191 185 181 178 186 180 179 174
175 168 167 210 169 177 182 184 189 190
188 187 183 176 173 172 65 66 61 60
164 161 160 155 153 150 154 145 38 39
35 34 134 127 126 208 125 128 133 135
136 137 138 132 129 124 121 122 123 130
131 142 141 209 149 152 156 159 162 163
158 157 151 148 146 147 144 143 140 139
242 241 243 237 234 229 226 227 228 235
236 247 246 314 250 259 266 265 260 258
255 254 251 252 253 256 262 263 268 257
261 264 267 315 269 165 166 171 170 277
278 281 288 292 293 294 289 287 282 274
272 273 280 279 284 285 291 283 286 290
296 295 192 193 199 200 205 312 311 307
306 302 301 303 299 300 308 309 310 305
304 298 297 276 275 271 270 318 249 248
245 244 224 223 214 215 219 218 213 222
230 233 238 240 239 232 231 313 225 119
118 221 220 217 216 212 211 109 110 114
113 117 108 106 107 4 5 111 112 115
116 120 13 14 9 8 12 3 --------------------------------------------------
迭代18的最优解长度为：43095.6387272996
1 2 6 7 10 11 15 103 21 22
29 32 31 30 20 23 28 33 27 24
19 16 17 18 25 26 37 36 104 44
41 42 43 46 52 53 58 57 54 51
47 55 50 48 45 40 49 316 317 59
56 105 62 63 70 69 74 75 81 73
76 80 86 79 77 72 64 67 68 71
78 82 83 84 85 91 92 96 97 101
102 93 98 99 89 90 88 87 196 197
94 95 100 207 206 202 201 198 203 204
195 194 191 185 181 178 186 180 179 174
175 168 167 210 169 177 182 184 189 190
188 187 183 176 173 172 65 66 61 60
164 161 160 155 153 150 154 145 38 39
35 34 134 127 126 208 125 128 133 135
136 137 138 132 129 124 121 122 123 130
131 142 141 209 149 152 156 159 162 163
158 157 151 148 146 147 144 143 140 139
242 241 243 237 234 229 226 227 228 235
236 247 246 314 250 259 266 265 260 258
255 254 251 252 253 256 262 263 268 257
261 264 267 315 269 165 166 171 170 277
278 281 288 292 293 294 289 287 282 274
272 273 280 279 284 285 291 283 286 290
296 295 192 193 199 200 205 312 311 307
306 302 301 303 299 300 308 309 310 305
304 298 297 276 275 271 270 318 249 248
245 244 224 223 214 215 219 218 213 222
230 233 238 240 239 232 231 313 225 119
118 221 220 217 216 212 211 109 110 114
113 117 108 106 107 4 5 111 112 115
116 120 13 14 9 8 12 3 --------------------------------------------------
迭代19的最优解长度为：43095.6387272996
1 2 6 7 10 11 15 103 21 22
29 32 31 30 20 23 28 33 27 24
19 16 17 18 25 26 37 36 104 44
41 42 43 46 52 53 58 57 54 51
47 55 50 48 45 40 49 316 317 59
56 105 62 63 70 69 74 75 81 73
76 80 86 79 77 72 64 67 68 71
78 82 83 84 85 91 92 96 97 101
102 93 98 99 89 90 88 87 196 197
94 95 100 207 206 202 201 198 203 204
195 194 191 185 181 178 186 180 179 174
175 168 167 210 169 177 182 184 189 190
188 187 183 176 173 172 65 66 61 60
164 161 160 155 153 150 154 145 38 39
35 34 134 127 126 208 125 128 133 135
136 137 138 132 129 124 121 122 123 130
131 142 141 209 149 152 156 159 162 163
158 157 151 148 146 147 144 143 140 139
242 241 243 237 234 229 226 227 228 235
236 247 246 314 250 259 266 265 260 258
255 254 251 252 253 256 262 263 268 257
261 264 267 315 269 165 166 171 170 277
278 281 288 292 293 294 289 287 282 274
272 273 280 279 284 285 291 283 286 290
296 295 192 193 199 200 205 312 311 307
306 302 301 303 299 300 308 309 310 305
304 298 297 276 275 271 270 318 249 248
245 244 224 223 214 215 219 218 213 222
230 233 238 240 239 232 231 313 225 119
118 221 220 217 216 212 211 109 110 114
113 117 108 106 107 4 5 111 112 115
116 120 13 14 9 8 12 3 --------------------------------------------------
迭代20的最优解长度为：43095.6387272996
1 2 6 7 10 11 15 103 21 22
29 32 31 30 20 23 28 33 27 24
19 16 17 18 25 26 37 36 104 44
41 42 43 46 52 53 58 57 54 51
47 55 50 48 45 40 49 316 317 59
56 105 62 63 70 69 74 75 81 73
76 80 86 79 77 72 64 67 68 71
78 82 83 84 85 91 92 96 97 101
102 93 98 99 89 90 88 87 196 197
94 95 100 207 206 202 201 198 203 204
195 194 191 185 181 178 186 180 179 174
175 168 167 210 169 177 182 184 189 190
188 187 183 176 173 172 65 66 61 60
164 161 160 155 153 150 154 145 38 39
35 34 134 127 126 208 125 128 133 135
136 137 138 132 129 124 121 122 123 130
131 142 141 209 149 152 156 159 162 163
158 157 151 148 146 147 144 143 140 139
242 241 243 237 234 229 226 227 228 235
236 247 246 314 250 259 266 265 260 258
255 254 251 252 253 256 262 263 268 257
261 264 267 315 269 165 166 171 170 277
278 281 288 292 293 294 289 287 282 274
272 273 280 279 284 285 291 283 286 290
296 295 192 193 199 200 205 312 311 307
306 302 301 303 299 300 308 309 310 305
304 298 297 276 275 271 270 318 249 248
245 244 224 223 214 215 219 218 213 222
230 233 238 240 239 232 231 313 225 119
118 221 220 217 216 212 211 109 110 114
113 117 108 106 107 4 5 111 112 115
116 120 13 14 9 8 12 3 --------------------------------------------------
迭代21的最优解长度为：43095.6387272996
1 2 6 7 10 11 15 103 21 22
29 32 31 30 20 23 28 33 27 24
19 16 17 18 25 26 37 36 104 44
41 42 43 46 52 53 58 57 54 51
47 55 50 48 45 40 49 316 317 59
56 105 62 63 70 69 74 75 81 73
76 80 86 79 77 72 64 67 68 71
78 82 83 84 85 91 92 96 97 101
102 93 98 99 89 90 88 87 196 197
94 95 100 207 206 202 201 198 203 204
195 194 191 185 181 178 186 180 179 174
175 168 167 210 169 177 182 184 189 190
188 187 183 176 173 172 65 66 61 60
164 161 160 155 153 150 154 145 38 39
35 34 134 127 126 208 125 128 133 135
136 137 138 132 129 124 121 122 123 130
131 142 141 209 149 152 156 159 162 163
158 157 151 148 146 147 144 143 140 139
242 241 243 237 234 229 226 227 228 235
236 247 246 314 250 259 266 265 260 258
255 254 251 252 253 256 262 263 268 257
261 264 267 315 269 165 166 171 170 277
278 281 288 292 293 294 289 287 282 274
272 273 280 279 284 285 291 283 286 290
296 295 192 193 199 200 205 312 311 307
306 302 301 303 299 300 308 309 310 305
304 298 297 276 275 271 270 318 249 248
245 244 224 223 214 215 219 218 213 222
230 233 238 240 239 232 231 313 225 119
118 221 220 217 216 212 211 109 110 114
113 117 108 106 107 4 5 111 112 115
116 120 13 14 9 8 12 3 --------------------------------------------------
迭代22的最优解长度为：43095.6387272996
1 2 6 7 10 11 15 103 21 22
29 32 31 30 20 23 28 33 27 24
19 16 17 18 25 26 37 36 104 44
41 42 43 46 52 53 58 57 54 51
47 55 50 48 45 40 49 316 317 59
56 105 62 63 70 69 74 75 81 73
76 80 86 79 77 72 64 67 68 71
78 82 83 84 85 91 92 96 97 101
102 93 98 99 89 90 88 87 196 197
94 95 100 207 206 202 201 198 203 204
195 194 191 185 181 178 186 180 179 174
175 168 167 210 169 177 182 184 189 190
188 187 183 176 173 172 65 66 61 60
164 161 160 155 153 150 154 145 38 39
35 34 134 127 126 208 125 128 133 135
136 137 138 132 129 124 121 122 123 130
131 142 141 209 149 152 156 159 162 163
158 157 151 148 146 147 144 143 140 139
242 241 243 237 234 229 226 227 228 235
236 247 246 314 250 259 266 265 260 258
255 254 251 252 253 256 262 263 268 257
261 264 267 315 269 165 166 171 170 277
278 281 288 292 293 294 289 287 282 274
272 273 280 279 284 285 291 283 286 290
296 295 192 193 199 200 205 312 311 307
306 302 301 303 299 300 308 309 310 305
304 298 297 276 275 271 270 318 249 248
245 244 224 223 214 215 219 218 213 222
230 233 238 240 239 232 231 313 225 119
118 221 220 217 216 212 211 109 110 114
113 117 108 106 107 4 5 111 112 115
116 120 13 14 9 8 12 3 --------------------------------------------------
迭代23的最优解长度为：43095.6387272996
1 2 6 7 10 11 15 103 21 22
29 32 31 30 20 23 28 33 27 24
19 16 17 18 25 26 37 36 104 44
41 42 43 46 52 53 58 57 54 51
47 55 50 48 45 40 49 316 317 59
56 105 62 63 70 69 74 75 81 73
76 80 86 79 77 72 64 67 68 71
78 82 83 84 85 91 92 96 97 101
102 93 98 99 89 90 88 87 196 197
94 95 100 207 206 202 201 198 203 204
195 194 191 185 181 178 186 180 179 174
175 168 167 210 169 177 182 184 189 190
188 187 183 176 173 172 65 66 61 60
164 161 160 155 153 150 154 145 38 39
35 34 134 127 126 208 125 128 133 135
136 137 138 132 129 124 121 122 123 130
131 142 141 209 149 152 156 159 162 163
158 157 151 148 146 147 144 143 140 139
242 241 243 237 234 229 226 227 228 235
236 247 246 314 250 259 266 265 260 258
255 254 251 252 253 256 262 263 268 257
261 264 267 315 269 165 166 171 170 277
278 281 288 292 293 294 289 287 282 274
272 273 280 279 284 285 291 283 286 290
296 295 192 193 199 200 205 312 311 307
306 302 301 303 299 300 308 309 310 305
304 298 297 276 275 271 270 318 249 248
245 244 224 223 214 215 219 218 213 222
230 233 238 240 239 232 231 313 225 119
118 221 220 217 216 212 211 109 110 114
113 117 108 106 107 4 5 111 112 115
116 120 13 14 9 8 12 3 --------------------------------------------------
迭代24的最优解长度为：43095.6387272996
1 2 6 7 10 11 15 103 21 22
29 32 31 30 20 23 28 33 27 24
19 16 17 18 25 26 37 36 104 44
41 42 43 46 52 53 58 57 54 51
47 55 50 48 45 40 49 316 317 59
56 105 62 63 70 69 74 75 81 73
76 80 86 79 77 72 64 67 68 71
78 82 83 84 85 91 92 96 97 101
102 93 98 99 89 90 88 87 196 197
94 95 100 207 206 202 201 198 203 204
195 194 191 185 181 178 186 180 179 174
175 168 167 210 169 177 182 184 189 190
188 187 183 176 173 172 65 66 61 60
164 161 160 155 153 150 154 145 38 39
35 34 134 127 126 208 125 128 133 135
136 137 138 132 129 124 121 122 123 130
131 142 141 209 149 152 156 159 162 163
158 157 151 148 146 147 144 143 140 139
242 241 243 237 234 229 226 227 228 235
236 247 246 314 250 259 266 265 260 258
255 254 251 252 253 256 262 263 268 257
261 264 267 315 269 165 166 171 170 277
278 281 288 292 293 294 289 287 282 274
272 273 280 279 284 285 291 283 286 290
296 295 192 193 199 200 205 312 311 307
306 302 301 303 299 300 308 309 310 305
304 298 297 276 275 271 270 318 249 248
245 244 224 223 214 215 219 218 213 222
230 233 238 240 239 232 231 313 225 119
118 221 220 217 216 212 211 109 110 114
113 117 108 106 107 4 5 111 112 115
116 120 13 14 9 8 12 3 --------------------------------------------------
迭代25的最优解长度为：43091.1540471020
1 2 6 7 10 11 15 103 21 22
29 30 31 32 33 28 23 20 27 24
19 16 17 18 25 26 37 36 104 44
41 42 43 46 52 53 58 57 54 51
47 55 50 48 45 40 49 316 317 59
56 105 62 63 70 69 74 75 81 73
76 80 86 79 77 72 64 67 68 71
78 82 83 84 85 91 92 96 97 101
102 93 98 99 89 90 88 87 196 197
94 95 100 207 206 202 201 198 203 204
195 194 191 185 181 178 186 180 179 174
175 168 167 210 169 177 182 184 189 190
188 187 183 176 173 172 65 66 61 60
164 161 160 155 153 150 154 145 38 39
35 34 134 127 126 208 125 128 133 135
136 137 138 132 129 124 121 122 123 130
131 142 141 209 149 152 156 159 162 163
158 157 151 148 146 147 144 143 140 139
242 241 243 237 234 229 226 227 228 235
236 247 246 314 250 259 266 265 260 258
255 254 251 252 253 256 262 263 268 257
261 264 267 315 269 165 166 171 170 277
278 281 288 292 293 294 289 287 282 274
272 273 280 279 284 285 291 283 286 290
296 295 192 193 199 200 205 312 311 307
306 302 301 303 299 300 308 309 310 305
304 298 297 276 275 271 270 318 249 248
245 244 224 223 214 215 219 218 213 222
230 233 238 240 239 232 231 313 225 119
118 221 220 217 216 212 211 109 110 114
113 117 108 106 107 4 5 111 112 115
116 120 13 14 9 8 12 3 --------------------------------------------------
迭代26的最优解长度为：43091.1540471020
1 2 6 7 10 11 15 103 21 22
29 30 31 32 33 28 23 20 27 24
19 16 17 18 25 26 37 36 104 44
41 42 43 46 52 53 58 57 54 51
47 55 50 48 45 40 49 316 317 59
56 105 62 63 70 69 74 75 81 73
76 80 86 79 77 72 64 67 68 71
78 82 83 84 85 91 92 96 97 101
102 93 98 99 89 90 88 87 196 197
94 95 100 207 206 202 201 198 203 204
195 194 191 185 181 178 186 180 179 174
175 168 167 210 169 177 182 184 189 190
188 187 183 176 173 172 65 66 61 60
164 161 160 155 153 150 154 145 38 39
35 34 134 127 126 208 125 128 133 135
136 137 138 132 129 124 121 122 123 130
131 142 141 209 149 152 156 159 162 163
158 157 151 148 146 147 144 143 140 139
242 241 243 237 234 229 226 227 228 235
236 247 246 314 250 259 266 265 260 258
255 254 251 252 253 256 262 263 268 257
261 264 267 315 269 165 166 171 170 277
278 281 288 292 293 294 289 287 282 274
272 273 280 279 284 285 291 283 286 290
296 295 192 193 199 200 205 312 311 307
306 302 301 303 299 300 308 309 310 305
304 298 297 276 275 271 270 318 249 248
245 244 224 223 214 215 219 218 213 222
230 233 238 240 239 232 231 313 225 119
118 221 220 217 216 212 211 109 110 114
113 117 108 106 107 4 5 111 112 115
116 120 13 14 9 8 12 3 --------------------------------------------------
迭代27的最优解长度为：43091.1540471020
1 2 6 7 10 11 15 103 21 22
29 30 31 32 33 28 23 20 27 24
19 16 17 18 25 26 37 36 104 44
41 42 43 46 52 53 58 57 54 51
47 55 50 48 45 40 49 316 317 59
56 105 62 63 70 69 74 75 81 73
76 80 86 79 77 72 64 67 68 71
78 82 83 84 85 91 92 96 97 101
102 93 98 99 89 90 88 87 196 197
94 95 100 207 206 202 201 198 203 204
195 194 191 185 181 178 186 180 179 174
175 168 167 210 169 177 182 184 189 190
188 187 183 176 173 172 65 66 61 60
164 161 160 155 153 150 154 145 38 39
35 34 134 127 126 208 125 128 133 135
136 137 138 132 129 124 121 122 123 130
131 142 141 209 149 152 156 159 162 163
158 157 151 148 146 147 144 143 140 139
242 241 243 237 234 229 226 227 228 235
236 247 246 314 250 259 266 265 260 258
255 254 251 252 253 256 262 263 268 257
261 264 267 315 269 165 166 171 170 277
278 281 288 292 293 294 289 287 282 274
272 273 280 279 284 285 291 283 286 290
296 295 192 193 199 200 205 312 311 307
306 302 301 303 299 300 308 309 310 305
304 298 297 276 275 271 270 318 249 248
245 244 224 223 214 215 219 218 213 222
230 233 238 240 239 232 231 313 225 119
118 221 220 217 216 212 211 109 110 114
113 117 108 106 107 4 5 111 112 115
116 120 13 14 9 8 12 3 --------------------------------------------------
迭代28的最优解长度为：43091.1540471020
1 2 6 7 10 11 15 103 21 22
29 30 31 32 33 28 23 20 27 24
19 16 17 18 25 26 37 36 104 44
41 42 43 46 52 53 58 57 54 51
47 55 50 48 45 40 49 316 317 59
56 105 62 63 70 69 74 75 81 73
76 80 86 79 77 72 64 67 68 71
78 82 83 84 85 91 92 96 97 101
102 93 98 99 89 90 88 87 196 197
94 95 100 207 206 202 201 198 203 204
195 194 191 185 181 178 186 180 179 174
175 168 167 210 169 177 182 184 189 190
188 187 183 176 173 172 65 66 61 60
164 161 160 155 153 150 154 145 38 39
35 34 134 127 126 208 125 128 133 135
136 137 138 132 129 124 121 122 123 130
131 142 141 209 149 152 156 159 162 163
158 157 151 148 146 147 144 143 140 139
242 241 243 237 234 229 226 227 228 235
236 247 246 314 250 259 266 265 260 258
255 254 251 252 253 256 262 263 268 257
261 264 267 315 269 165 166 171 170 277
278 281 288 292 293 294 289 287 282 274
272 273 280 279 284 285 291 283 286 290
296 295 192 193 199 200 205 312 311 307
306 302 301 303 299 300 308 309 310 305
304 298 297 276 275 271 270 318 249 248
245 244 224 223 214 215 219 218 213 222
230 233 238 240 239 232 231 313 225 119
118 221 220 217 216 212 211 109 110 114
113 117 108 106 107 4 5 111 112 115
116 120 13 14 9 8 12 3 --------------------------------------------------
迭代29的最优解长度为：43091.1540471020
1 2 6 7 10 11 15 103 21 22
29 30 31 32 33 28 23 20 27 24
19 16 17 18 25 26 37 36 104 44
41 42 43 46 52 53 58 57 54 51
47 55 50 48 45 40 49 316 317 59
56 105 62 63 70 69 74 75 81 73
76 80 86 79 77 72 64 67 68 71
78 82 83 84 85 91 92 96 97 101
102 93 98 99 89 90 88 87 196 197
94 95 100 207 206 202 201 198 203 204
195 194 191 185 181 178 186 180 179 174
175 168 167 210 169 177 182 184 189 190
188 187 183 176 173 172 65 66 61 60
164 161 160 155 153 150 154 145 38 39
35 34 134 127 126 208 125 128 133 135
136 137 138 132 129 124 121 122 123 130
131 142 141 209 149 152 156 159 162 163
158 157 151 148 146 147 144 143 140 139
242 241 243 237 234 229 226 227 228 235
236 247 246 314 250 259 266 265 260 258
255 254 251 252 253 256 262 263 268 257
261 264 267 315 269 165 166 171 170 277
278 281 288 292 293 294 289 287 282 274
272 273 280 279 284 285 291 283 286 290
296 295 192 193 199 200 205 312 311 307
306 302 301 303 299 300 308 309 310 305
304 298 297 276 275 271 270 318 249 248
245 244 224 223 214 215 219 218 213 222
230 233 238 240 239 232 231 313 225 119
118 221 220 217 216 212 211 109 110 114
113 117 108 106 107 4 5 111 112 115
116 120 13 14 9 8 12 3 --------------------------------------------------
迭代30的最优解长度为：43022.6434805101
1 2 6 7 10 11 15 103 21 22
29 30 31 32 33 28 23 20 27 24
19 16 17 18 25 26 37 36 104 44
41 42 43 46 52 53 58 57 54 51
47 55 50 48 45 40 49 316 317 59
56 105 62 63 70 69 74 75 81 73
76 80 86 79 77 72 64 67 68 71
78 82 83 84 85 91 92 96 97 101
102 93 98 99 89 90 88 87 196 197
94 95 100 207 206 202 201 198 203 204
195 194 191 185 181 178 186 180 179 174
175 168 167 169 177 182 184 189 190 188
187 183 176 173 172 65 66 61 60 164
210 161 160 155 153 150 154 145 38 39
35 34 137 136 134 127 126 208 125 128
133 135 138 132 129 124 121 122 123 130
131 142 141 209 149 152 156 159 162 163
158 157 151 148 146 147 144 143 140 139
242 241 243 237 234 229 226 227 228 235
236 247 246 314 250 259 266 265 260 258
255 254 251 252 253 256 262 263 268 257
261 264 267 315 269 165 166 171 170 277
278 281 288 292 293 294 289 287 282 274
272 273 280 279 284 285 291 283 286 290
296 295 192 193 199 200 205 312 311 307
306 302 301 303 299 300 308 309 310 305
304 298 297 276 275 271 270 318 249 248
245 244 224 223 214 215 219 218 213 222
230 233 238 240 239 232 231 313 225 119
118 221 220 217 216 212 211 109 110 114
113 117 108 106 107 4 5 111 112 115
116 120 13 14 9 8 12 3 --------------------------------------------------
迭代31的最优解长度为：43022.6434805101
1 2 6 7 10 11 15 103 21 22
29 30 31 32 33 28 23 20 27 24
19 16 17 18 25 26 37 36 104 44
41 42 43 46 52 53 58 57 54 51
47 55 50 48 45 40 49 316 317 59
56 105 62 63 70 69 74 75 81 73
76 80 86 79 77 72 64 67 68 71
78 82 83 84 85 91 92 96 97 101
102 93 98 99 89 90 88 87 196 197
94 95 100 207 206 202 201 198 203 204
